110693242
110725568
110726979
110695918
110716842
110732216
110697191
110714122
110716510
110720128
110700609
110723686
110698898
110732320
110711856
110696142
110707774
110738975
110713808
110717702
110689255
110689657
110690449
110711059
110725514
110721514
110714799
110705613
110727129
110683275
110687806
110731582
110693197
110704164
110716576
110705861
110736108
110701301
110734228
110714036
110682130
110715089
110715536
110717753
110718996
110719847
110735567
110710762
110733885
110736163
110692977
110726440
110736768
110701034
110725774
110699526
110692978
110694523
110716860
110701965
110722767
110681931
110738346
110704977
110691567
110682543
110718318
110716700
110699173
110723935
110707669
110683425
110714743
110700579
110724145
110697137
110716267
110700336
110705686
110687007
110693714
110739990
110690672
110734130
110720877
110699228
110682546
110689810
110693173
110720350
110685979
110714462
110716158
110694661
110707350
110737647
110702695
110716624
110724534
110690669
110682225
110693992
110702414
110687452
110712462
110737022
110695977
110725251
110715492
110693700
110725223
110738435
110735383
110697403
110721497
110697132
110722781
110687453
110725652
110732723
110724770
110693453
110738480
110682990
110739588
110716857
110702440
110690671
110698607
110684270
110687856
110734730
110714059
110715590
110738843
110701049
110722324
110732312
110726953
110726421
110723937
110728069
110685228
110714610
110732736
110733539
110723931
110706373
110733458
110720176
110684982
110739296
110681983
110709565
110697822
110690675
110699293
110708634
110721887
110682574
110690807
110699031
110706032
110712188
110698176
110723446
110714977
110737704
110700145
110732521
110689598
110694744
110702784
110701744
110707762
110719466
110681975
110710349
110708120
110691099
110729092
110718807
110687633
110719662
110701979
110689372
110716734
110716463
110728728
110736697
110713805
110725512
110717251
110732757
110734507
110736127
110736201
110711089
110702874
110729762
110736634
110733311
110716999
110723629
110730556
110709916
110726327
110689194
110695141
110683416
110689198
110716355
110682075
110684312
110692760
110729752
110733192
110711639
110730276
110720415
110723951
110693550
110724627
110707304
110703616
110708017
110685531
110701087
110682312
110721130
110728204
110710267
110714921
110683440
110692330
110733398
110718641
110706181
110687327
110690907
110721694
110703940
110731260
110740059
110734728
110685564
110723276
110730978
110702576
110731823
110705154
110739667
110715718
110714579
110728249
110698783
110682373
110682502
110688346
110724563
110735663
110736388
110712540
110722763
110728981
110727511
110707641
110705788
110686448
110708763
110730557
110697188
110702083
110728250
110691524
110717822
110702384
110686400
110715500
110728613
110722310
110721919
110698123
110705387
110723936
110738408
110721099
110725166
110715319
110725859
110729559
110696604
110725633
110736211
110713142
110721028
110731133
110700406
110717357
110718289
110729844
110732514
110711439
110714746
110721806
110709571
110720575
110706486
110709804
110735553
110684152
110689005
110700494
110737051
110726227
110701972
110707650
110685768
110729735
110687271
110720615
110730559
110734036
110740228
110685807
110740036
110719474
110688521
110687580
110702434
110705024
110713393
110716435
110738374
110689711
110724537
110696120
110714376
110728061
110714139
110682499
110682979
110721356
110731199
110734452
110695111
110707759
110691211
110690727
110705586
110701012
110718704
110710514
110729500
110729759
110711687
110723389
110730335
110731746
110705585
110716410
110717859
110704632
110688021
110714601
110723942
110712220
110681949
110738342
110713916
110715346
110685763
110689662
110699237
110714492
110724433
110739122
110707817
110701888
110712604
110735177
110689717
110693525
110707514
110710738
110711663
110719667
110690049
110702521
110702835
110681938
110709060
110735084
110708023
110687985
110715942
110713810
110693707
110714649
110720086
110734409
110725443
110707110
110725425
110730131
110695099
110716634
110685049
110700102
110685863
110686250
110738345
110709735
110708669
110736365
110702360
110731462
110695300
110705715
110729818
110736984
110722664
110740278
110689649
110698297
110701407
110696133
110698296
110733571
110710761
110690184
110693222
110695063
110717271
110721215
110732696
110688726
110714518
110714046
110684278
110740092
110714789
110731393
110709782
110706896
110721474
110712184
110704688
110685944
110720603
110734293
110693537
110693831
110740226
110683635
110711398
110726829
110735197
110735831
110698140
110716244
110682558
110702443
110716097
110731241
110683835
110688142
110699073
110711727
110687226
110688187
110711884
110690943
110716548
110739511
110706487
110721455
110723974
110735502
110699181
110699163
110718427
110688300
110729730
110687953
110690676
110699013
110719498
110691777
110689232
110727963
110730610
110697152
110684166
110732640
110701920
110715545
110724356
110731398
110732040
110712551
110737723
110697190
110687283
110691916
110699198
110726815
110698037
110710195
110722435
110707912
110716991
110738353
110712365
110700495
110702040
110729893
110691395
110718452
110691898
110704154
110694538
110733033
110691791
110722322
110711452
110736417
110709826
110727995
110702480
110698785
110690927
110712772
110687490
110705508
110706869
110732302
110733330
110733873
110730879
110705957
110711375
110710540
110694728
110722735
110709609
110727712
110713829
110717404
110719663
110727586
110707793
110707919
110695095
110714855
110731103
110684621
110695743
110723234
110730869
110699008
110711703
110739846
110701526
110717386
110710556
110688385
110720876
110698148
110712641
110708318
110710656
110717151
110705148
110731378
110733537
110683521
110738533
110736483
110699271
110720369
110726524
110731108
110706602
110695391
110718484
110724264
110692705
110711714
110682351
110711840
110738041
110713545
110709283
110732737
110740319
110707935
110699081
110691233
110717855
110723753
110691374
110719387
110682294
110710793
110693822
110730085
110690470
110686583
110721072
110732547
110700126
110682527
110732555
110686939
110685204
110699364
110728065
110715859
110738375
110695140
110715360
110726667
110718552
110685850
110717854
110726729
110697943
110737380
110725730
110728089
110710448
110688662
110689333
110695077
110693176
110691922
110724176
110698436
110721788
110738734
110683963
110697416
110703815
110739398
110697412
110705060
110705708
110733397
110722599
110724687
110704170
110729778
110732595
110687652
110739519
110690454
110701163
110706627
110728017
110739715
110729737
110688999
110685841
110712079
110690396
110692989
110731456
110733567
110725219
110718679
110726545
110685540
110714366
110717195
110739617
110695992
110731309
110711864
110733312
110704793
110724457
110730525
110690871
110739431
110705605
110722603
110718531
110704624
110685939
110710135
110712610
110713914
110715317
110713889
110716416
110693103
110684864
110714030
110700533
110690704
110731641
110692991
110711175
110736874
110715931
110702757
110708474
110708587
110715085
110701465
110719696
110715680
110731351
110718526
110699256
110699749
110684288
110722666
110721810
110733309
110721970
110729478
110715022
110699383
110690407
110685553
110687903
110723923
110726546
110693962
110707070
110706816
110688520
110694521
110696622
110697876
110712352
110718792
110735083
110718858
110725619
110729345
110700624
110682276
110703375
110728087
110707065
110710853
110705304
110700646
110686449
110694878
110708084
110714469
110682878
110729147
110711014
110718793
110710053
110684313
110738086
110687080
110707760
110721014
110701098
110688515
110702076
110725578
110735075
110686969
110698619
110699951
110719505
110717792
110728768
110738363
110702497
110704923
110713033
110720352
110718741
110689735
110728940
110706003
110729764
110736427
110692773
110688295
110709114
110724531
110738626
110719274
110687240
110734720
110705121
110733191
110688217
110695864
110729700
110724857
110681811
110708354
110690506
110708076
110717125
110726396
110705914
110693711
110700281
110690816
110731244
110720023
110701104
110721485
110729524
110681633
110710725
110700982
110692822
110682235
110700018
110700800
110737666
110739769
110720912
110693757
110732433
110727128
110710781
110733933
110722005
110735393
110691380
110719791
110735041
110725726
110730937
110702856
110713546
110723050
110732642
110718895
110682328
110738692
110709335
110705162
110707497
110726510
110735235
110682981
110683018
110701730
110723729
110697180
110702412
110722674
110707004
110715796
110718594
110696010
110711794
110738115
110699375
110686976
110707033
110710686
110691409
110701631
110706852
110722764
110691116
110695192
110737646
110717458
110695319
110698535
110720588
110694145
110738047
110728156
110690639
110701883
110713214
110722675
110718644
110694887
110712161
110683259
110693211
110720427
110693841
110683492
110721078
110692697
110685810
110716316
110734370
110722286
110681867
110709817
110702086
110693902
110690152
110732182
110684228
110702190
110711434
110712418
110718127
110722701
110711732
110687668
110685808
110717183
110733632
110724440
110730551
110727699
110729068
110732296
110703433
110695761
110709378
110722642
110701056
110707009
110693174
110695139
110684665
110719538
110726507
110725199
110687880
110705555
110717537
110703428
110708478
110683957
110719325
110719398
110709136
110713460
110728839
110697154
110684675
110721426
110690983
110719348
110712941
110682309
110720894
110712792
110715336
110724256
110719009
110720182
110709676
110710928
110727747
110709859
110699350
110701035
110706995
110684247
110704593
110689168
110705200
110719441
110711061
110694192
110698522
110713789
110692653
110719550
110687860
110718364
110709610
110718713
110712694
110714100
110732325
110708728
110698084
110733325
110706996
110697163
110701158
110689637
110685985
110686141
110684446
110715976
110713990
110684623
110695416
110703458
110695900
110707942
110694696
110728943
110737408
110708062
110712368
110739383
110707272
110730171
110738295
110735801
110695711
110698231
110709049
110698572
110718236
110685319
110689629
110707750
110697198
110690316
110690923
110698601
110735060
110730571
110701250
110736364
110703303
110715193
110702748
110705166
110719868
110712524
110718375
110734457
110700033
110717163
110684331
110730849
110710981
110702377
110704833
110701848
110696652
110735212
110694161
110723917
110730940
110715624
110732999
110731872
110719427
110724734
110687491
110693896
110702116
110707960
110711411
110727125
110736184
110719954
110725241
110710922
110733358
110692895
110705488
110711978
110719232
110692943
110736278
110702524
110731453
110692377
110725601
110705903
110732686
110681979
110690381
110696208
110699531
110720932
110732706
110713559
110729364
110738365
110715013
110724843
110728785
110732416
110723736
110733519
110695752
110703467
110701298
110711517
110682528
110740100
110726088
110702611
110718914
110709920
110700638
110703632
110732559
110718165
110714620
110704598
110681895
110684273
110686063
110731429
110737150
110709448
110709652
110730129
110700848
110690736
110693559
110721943
110708435
110734513
110715543
110727749
110708831
110700718
110722304
110730693
110730564
110719870
110707565
110702528
110722127
110722945
110714220
110702234
110694210
110690563
110687761
110705115
110689427
110719535
110713653
110732301
110725453
110698287
110732064
110724670
110705820
110685893
110726469
110683354
110722245
110688453
110725632
110710984
110685837
110713227
110726430
110698113
110710965
110736722
110722671
110725642
110736340
110695487
110711352
110728610
110703431
110716855
110722084
110699317
110716114
110729125
110715507
110702457
110732550
110720885
110724792
110738276
110692937
110700501
110715483
110719332
110715093
110691471
110720320
110724595
110690916
110727968
110731662
110728353
110732934
110709472
110721870
110736341
110717956
110696149
110731945
110686366
110715532
110685543
110732901
110738535
110724762
110692241
110692327
110684216
110698506
110718850
110719327
110682496
110700558
110727555
110732621
110712034
110696022
110729781
110737112
110737354
110683698
110715494
110716830
110704239
110738031
110731212
110693543
110732354
110722601
110704787
110724597
110726544
110734235
110687779
110704334
110724970
110731577
110687786
110708437
110690906
110688505
110726448
110733548
110697161
110685382
110735793
110736407
110708475
110727041
110721648
110721655
110731707
110725624
110692724
110711576
110722841
110724650
110689770
110700271
110690031
110699288
110728202
110736362
110692791
110700531
110711609
110701106
110717206
110685801
110705044
110717690
110700413
110688466
110686900
110687137
110734376
110729624
110704326
110702502
110736530
110733576
110717307
110714750
110734290
110711087
110729363
110725229
110683738
110698362
110682315
110683061
110692669
110725215
110715000
110682526
110684014
110712424
110711919
110702656
110686607
110690977
110729374
110739448
110704475
110709863
110724954
110684372
110716140
110682448
110727876
110730492
110704886
110738881
110727884
110705233
110733900
110723503
110715741
110738939
110712432
110721427
110686656
110722760
110725281
110738133
110685969
110681813
110684752
110710004
110715984
110724682
110700734
110725590
110718360
110692899
110727146
110688281
110727547
110719566
110730141
110682030
110713444
110687776
110702549
110729164
110736192
110707199
110686894
110695917
110683590
110703931
110739968
110724712
110718495
110715802
110715809
110713994
110719652
110697255
110711888
110697120
110707032
110716497
110723719
110689738
110724305
110686212
110697469
110721131
110730607
110687945
110724136
110692997
110703583
110740327
110695265
110691414
110689376
110694109
110710044
110701196
110739528
110715903
110712689
110726831
110686907
110714053
110710176
110723291
110710120
110688069
110696975
110686545
110734495
110694697
110728367
110736028
110687446
110700140
110700304
110703965
110702136
110689169
110692271
110695243
110730202
110736102
110722425
110698729
110737748
110709660
110705276
110700567
110726728
110730170
110700024
110738405
110711214
110687862
110732448
110698526
110689776
110682303
110701306
110701397
110715383
110725562
110699038
110717771
110735046
110739445
110687104
110735124
110712351
110723103
110711951
110683023
110688306
110719439
110733512
110711977
110714881
110715356
110690953
110697421
110691014
110683419
110696281
110718757
110708597
110694535
110719103
110721178
110691474
110702213
110707994
110705637
110718275
110738177
110715029
110690571
110725784
110731201
110681738
110713200
110729337
110693747
110701454
110705510
110697743
110710554
110682551
110694676
110691768
110695979
110685849
110727573
110727926
110684745
110698924
110729146
110737509
110714364
110699190
110736419
110698496
110684268
110731637
110729753
110709905
110685369
110736309
110738476
110685363
110731553
110709607
110706296
110711396
110729899
110730223
110727110
110723283
110683956
110689730
110703910
110739616
110731661
110699376
110689241
110737129
110715826
110722571
110682494
110687891
110721793
110697028
110722533
110714287
110685886
110686428
110721606
110685606
110690929
110717427
110735050
110695206
110731660
110689165
110698761
110732154
110722459
110726375
110720321
110727118
110706605
110688862
110704519
110705785
110696559
110687483
110739981
110720402
110692794
110698351
110696141
110685847
110682410
110707283
110698298
110734010
110723414
110683785
110695748
110697786
110715865
110719000
110721034
110704945
110721498
110710860
110730563
110737847
110730206
110740290
110687385
110730530
110681927
110690643
110724362
110728962
110726910
110723863
110688997
110689803
110711547
110685632
110694094
110718872
110718866
110686861
110712447
110727955
110718767
110718462
110724842
110711286
110727208
110692343
110692849
110730181
110714167
110703397
110683382
110692059
110736084
110690546
110726803
110736268
110724228
110739135
110733546
110694708
110737122
110693380
110726823
110739182
110711948
110687506
110710068
110704296
110710631
110714942
110739666
110708405
110685547
110717280
110723309
110719982
110695993
110715729
110715734
110692896
110694209
110709931
110682177
110704599
110682787
110685748
110688084
110725762
110728512
110738718
110732263
110717614
110734571
110703367
110686014
110721821
110736162
110703628
110694214
110709967
110728856
110735031
110698766
110730390
110733010
110733348
110696588
110687986
110735684
110682985
110701984
110702257
110719289
110720313
110737757
110703448
110710271
110739969
110707253
110701220
110718161
110718756
110736681
110708658
110710020
110719265
110702100
110731915
110701201
110684456
110688408
110691264
110695214
110687521
110696003
110731742
110720388
110691801
110718381
110723548
110683384
110720240
110731250
110734226
110695057
110704628
110712373
110718249
110724713
110706856
110717180
110693136
110739586
110714851
110718388
110695532
110703337
110712877
110726772
110731181
110722932
110704771
110690728
110699200
110706527
110707916
110722406
110734385
110730916
110689335
110733606
110707981
110711695
110714742
110711761
110725973
110729594
110688984
110702087
110739866
110698525
110729552
110709595
110696714
110703533
110738483
110682230
110736179
110727539
110732700
110682184
110697885
110683465
110735310
110711707
110731611
110700775
110730097
110707694
110736815
110738243
110691539
110726261
110722104
110708589
110688746
110718397
110731521
110739949
110707200
110737236
110687653
110738628
110709992
110722101
110725173
110721582
110702308
110717884
110686759
110724862
110729835
110707892
110683597
110694677
110739964
110700602
110690395
110735355
110728617
110739276
110721831
110695995
110735784
110736841
110688825
110700497
110724854
110702601
110720175
110723897
110698712
110690444
110684163
110692911
110737641
110716299
110718545
110715348
110698546
110705177
110729591
110729523
110709227
110718675
110696211
110714427
110715839
110738757
110727843
110681871
110687367
110697573
110693567
110701377
110738338
110737395
110707948
110735689
110696107
110705370
110721692
110713992
110717250
110681974
110698702
110684193
110702929
110707634
110686055
110723870
110721930
110693901
110707627
110709987
110703287
110683992
110732233
110692153
110686943
110691686
110733547
110683094
110697812
110707678
110718474
110724535
110710913
110718421
110735669
110682935
110734550
110727329
110703230
110706847
110699617
110697962
110699339
110692293
110684198
110706318
110736727
110724610
110684637
110717418
110697378
110718217
110725914
110708420
110695117
110735089
110682043
110688146
110694743
110707495
110732566
110690991
110687813
110736373
110690490
110731287
110710938
110687821
110734411
110731243
110707630
110730572
110713385
110713694
110720103
110739977
110698515
110706698
110708668
110694679
110698584
110715771
110711649
110717167
110729994
110719843
110720993
110685078
110737140
110682544
110733381
110736382
110730834
110709768
110738392
110732264
110699680
110700571
110733269
110710724
110723036
110686965
110734152
110704316
110695347
110690303
110693148
110714527
110723834
110686099
110715484
110724554
110710944
110723597
110722828
110736638
110685747
110713216
110697367
110686066
110734459
110682503
110726190
110699524
110719967
110725548
110694144
110719839
110716380
110707659
110734528
110682018
110713648
110719643
110726909
110713424
110728603
110719798
110698442
110702851
110704968
110699442
110690864
110684195
110693199
110695989
110728206
110701980
110688677
110720851
110710396
110703307
110737521
110682447
110701783
110683250
110730560
110736870
110685087
110705756
110685805
110717077
110705059
110722840
110688381
110683329
110694646
110702169
110724364
110726496
110736660
110700150
110712563
110720626
110730972
110715286
110713869
110735128
110735743
110683401
110685489
110725821
110690504
110691809
110730230
110695418
110706369
110721665
110696304
110737885
110687842
110694632
110726308
110707092
110702058
110694938
110705159
110721895
110691363
110729949
110695656
110702533
110728947
110726508
110714637
110704906
110717909
110687208
110731698
110722787
110724673
110707629
110696537
110738635
110706344
110687274
110691570
110692662
110736905
110699022
110724790
110682318
110728852
110736586
110689815
110712271
110684291
110690789
110712452
110691401
110732246
110696553
110689760
110737712
110711337
110707536
110721523
110695933
110692737
110697358
110722055
110723587
110705319
110737347
110714859
110732728
110699690
110705673
110716345
110700576
110727116
110702753
110735897
110737029
110710186
110708506
110684826
110701350
110732758
110684104
110712615
110705692
110699338
110738360
110686720
110713014
110685172
110738543
110692833
110709847
110732426
110703221
110739440
110691000
110693216
110731156
110735049
110707298
110729365
110731710
110708581
110727794
110732403
110736532
110716276
110697060
110713963
110734323
110735130
110724551
110705767
110687152
110720297
110724778
110730912
110724831
110717000
110688278
110693260
110700971
110718833
110713993
110684412
110704606
110738852
110728646
110697369
110714718
110721038
110724903
110685169
110721486
110717532
110733534
110739235
110737658
110707879
110687771
110735434
110715025
110716941
110694168
110694035
110707114
110705588
110720471
110701801
110733248
110720457
110729865
110727990
110713544
110703302
110689385
110723960
110686945
110705975
110730081
110739721
110734478
110685726
110708713
110710280
110732515
110684431
110723163
110710764
110727746
110698045
110685602
110684324
110683564
110692461
110704653
110683010
110729620
110736922
110685558
110732332
110710603
110687477
110717393
110727613
110732964
110691417
110711004
110719728
110735206
110695710
110697797
110711993
110695107
110705337
110708715
110727787
110704947
110687095
110682476
110720957
110736384
110730332
110735167
110703798
110730178
110736182
110720231
110718595
110700537
110713221
110722731
110731969
110707527
110703083
110739059
110684230
110715710
110710192
110697134
110735022
110730083
110739446
110700595
110712199
110725841
110692073
110727058
110724663
110739873
110726222
110699274
110725555
110688157
110736307
110727369
110734557
110736324
110711362
110717899
110711388
110702620
110732257
110699195
110682409
110699347
110682238
110699916
110706867
110728139
110735463
110722204
110701099
110738389
110707133
110695927
110724859
110721923
110718315
110708565
110689549
110697245
110729331
110687069
110693185
110694579
110716027
110719599
110700727
110683689
110684333
110720578
110693364
110709142
110725613
110739676
110695090
110684304
110698088
110697755
110729333
110706290
110683948
110714611
110694724
110684795
110706002
110713606
110715530
110682031
110726652
110711942
110696381
110715810
110697930
110713908
110702441
110683334
110701747
110713926
110717594
110691584
110724138
110697557
110707163
110683083
110720004
110715588
110696937
110731115
110696378
110736079
110730222
110696183
110697406
110730998
110702665
110708701
110695444
110722582
32959002
110708232
110713639
110719786
110729399
110696690
110694749
110695938
110687481
110686679
110714924
110694361
110719122
110738065
110692301
110709003
110691500
110707432
110713999
110703369
110734180
110696438
110730467
110738112
110713174
110739520
110693266
110695769
110700154
110720412
110687583
110714482
110711361
110731275
110685047
110707850
110728161
110729710
110738613
110715601
110697959
110703631
110706080
110702640
110727793
110693566
110691540
110711137
110724468
110721595
110729131
110738709
110724195
110691055
110721971
110731506
110722624
110695074
110736866
110702454
110726235
110733612
110688269
110706697
110713715
110733070
110693140
110739282
110738278
110687897
110712503
110716300
110702898
110718382
110704698
110729610
110732603
110736024
110706718
110713148
110696647
110686663
110727443
110683972
110714300
110688538
110710605
110735007
110686564
110716424
110732549
110736131
110738876
110687998
110711207
110697430
110701579
110732311
110733917
110683862
110707249
110705783
110717908
110708672
110708316
110704336
110701847
110712260
110704063
110718122
110684977
110692887
110722780
110703638
110740077
110700616
110710251
110738290
110733807
110688898
110725808
110699167
110712574
110713825
110721060
110699860
110721638
110716358
110722063
110683301
110711255
110736499
110713610
110693245
110715224
110690716
110730506
110725913
110738534
110714240
110688108
110721934
110695145
110702181
110721626
110732523
110682146
110703973
110701486
110710459
110687920
110710389
110735499
110730774
110708063
110725145
110720750
110697656
110689325
110717858
110716150
110701052
110720561
110699212
110695708
110711108
110722550
110724632
110739472
110731130
110691051
110682755
110721083
110735366
110686944
110725863
110721963
110725725
110735017
110723056
110720577
110731530
110738751
110724316
110687030
110690122
110738225
110733492
110702442
110735211
110718754
110726404
110720936
110737669
110707195
110704520
110736228
110701628
110723055
110738154
110717778
110699707
110714652
110712573
110689240
110696403
110708033
110699944
110690413
110694732
110711378
110687068
110715711
110732764
110708311
110695935
110701203
110688816
110736538
110727553
110725029
110689554
110719874
110703237
110718755
110725915
110709797
110694103
110694456
110692108
110689715
110724419
110736239
110681858
110735671
110717783
110689592
110696311
110714739
110721367
110722775
110709480
110703437
110722672
110731657
110715343
110706982
110737804
110712012
